state={
  id=317
  name="STATE_351"
  manpower = 2354971
  state_category = town
  history={
  owner = SOV
  buildings = {
  infrastructure = 3
  }
  add_core_of = SOV
  victory_points = {
 8314 3
  }
  }
  provinces={
 23 58 72 77 80 101 119 124 132 143 145 148 154 173 2747 2801 2802 2821 2829 2833 2840 2859 2869 2884 2887 2890 2893 2902 5494 5542 5545 5556 5561 5576 5577 5583 5611 5627 5629 5634 5635 8239 8289 8295 8298 8314 8316 8318 8341 8364 8365 8367 8371 8373 8382 9927 9935 9936 9954 9963 9973 9982 9988 9992 10020 10039 10048 10051 10056 10075
  }
  }

