state={
	id=351
	name="STATE_351"
	manpower = 2354971
	state_category = town
	history={
		owner = SOV
		buildings = {
			infrastructure = 3
		}
		add_core_of = SOV
		victory_points = {
			8652 3
		}
	}
	provinces={
		23 60 75 81 84 106 129 135 143 160 163 166 174 196 2884 2944 2945 2967 2975 2979 2987 3012 3023 3042 3045 3048 3052 3063 5726 5782 5786 5800 5806 5821 5822 5828 5867 5889 5891 5898 5899 8564 8623 8631 8634 8652 8654 8657 8689 8720 8721 8723 8728 8731 8743 10354 10362 10363 10389 10402 10413 10422 10430 10434 10470 10495 10504 10507 10516 10540
	}
}

