state={
	id=719
	name="Mexico City"
	provinces={
		11968 11969 11970 11971 11972 11973 11974 11975 11976 11977 11978 11980 11981 11982 11983 11984 11985 11986 11988 11989 11990 11991 11992 11993 11994 11995 11996 11998 11999
		12000 12001 12002 12003 12004 12005 12006 12007 12008 12009 12010 12011 12013 12015 12016 12017 12019 12020 12024 12025 12026 12027 12030 12033 12035
		1915 1840 1936 1847 7438 1859 4554 1929 1904 1799
	}
	history={
		owner = MEX
		add_core_of = MEX
		buildings = {
			infrastructure = 5
		}
	}

	
	manpower=13410000
	state_category=town
}